These are kernels for a total of 6 layers:

Layer 1
[
[
[[-7.846005, -6.785370, -4.083816, -0.698956, 6.360978, ][-3.371464, -13.148040, -4.983316, 5.491508, 6.640616, ][5.106603, -7.534672, -17.142707, -6.852859, 3.936257, ][10.824081, -0.758495, -11.111511, -12.000681, -5.153644, ][7.210531, 2.034557, 3.722382, -0.394187, -7.143702, ]]
[[-2.615963, 2.361599, 6.977660, 3.294579, 5.454158, ][-21.043010, -9.097287, -2.834715, 3.423109, -3.909374, ][-5.450124, -8.992002, -10.557678, -5.863501, -7.114329, ][6.814329, -1.975825, -6.482334, -12.054392, -14.535266, ][4.658832, 3.705784, 4.075326, 5.743130, 5.733244, ]]
[[8.280972, 4.837419, -7.117178, -19.877180, -6.932514, ][4.403701, -7.867753, -5.525817, -9.651636, -2.290914, ][7.370472, 1.186663, -13.104526, -8.727626, 9.675992, ][5.553032, -8.413409, -14.013203, -2.347553, 7.662122, ][-3.371412, -13.251169, -1.075070, 1.860203, 8.998213, ]]
[[1.231517, 0.078000, -0.761721, 0.108706, -10.222360, ][-9.431525, -0.419721, 0.383698, -1.171566, -11.152916, ][0.417833, -0.002885, -3.632993, -8.752184, -5.757636, ][-3.470471, -3.596817, -6.157240, -11.276391, 3.634951, ][-4.097177, -9.028509, -12.029692, -0.265177, 14.149778, ]]
[[0.202946, 8.680081, 2.911854, 10.797259, 1.753072, ][-9.787755, -0.546618, 3.007588, -0.250020, -2.115927, ][-16.696393, -9.523702, -6.389549, -8.140191, -17.412099, ][-0.308439, -0.010162, -7.328252, -4.345247, -7.920054, ][7.746746, 1.097840, 0.694293, 1.294444, 7.696060, ]]
[[14.420254, 12.769283, 11.903486, 5.712355, 0.836859, ][-2.989670, -10.296292, -11.262412, -9.407266, -14.776547, ][-8.925993, -19.205056, -14.483783, -6.446309, -7.133566, ][-15.265354, -7.509794, -4.496544, 4.546868, 4.954968, ][13.181873, 5.291198, 10.071049, 8.151728, 5.480232, ]]
]
]

Layer 3
[
[
[[-1.629639, -3.924660, -2.182042, -3.562833, 1.505660, ][-1.198605, -1.064320, -0.109158, 1.204849, 3.446124, ][-0.329123, 0.758434, 0.667803, 1.143922, -0.001882, ][1.217412, 0.556556, -1.817190, -4.179364, -0.753618, ][1.226351, -0.023143, -1.505115, -1.742091, -0.497278, ]]
[[1.997656, 3.625986, -2.332746, -3.636432, 1.560356, ][0.290755, -0.888515, -4.160259, -4.666448, -1.485082, ][0.251355, -2.763296, -2.548642, -4.715194, 0.267552, ][-1.813253, -2.066898, 0.109443, 0.906510, 3.384451, ][0.929636, 1.155405, 1.204589, 3.114862, 3.307639, ]]
[[-1.044383, -3.238181, -4.306496, -2.462839, 1.455629, ][-3.307425, -1.585755, -1.125434, -0.864804, -0.506752, ][-1.109865, -0.180250, 0.066446, 0.526481, -2.632255, ][2.259794, 0.859899, 1.095019, -0.532102, -2.770136, ][2.814512, 1.016259, -0.425499, -0.481425, -0.756466, ]]
[[-0.184110, -2.789976, -4.633086, -2.788847, 0.683655, ][-3.608599, -4.192590, -2.028913, 0.308069, 1.160225, ][-2.939267, -0.574558, 1.047642, 1.930031, 0.432892, ][0.117041, 1.009715, 2.148312, 0.879741, -0.801457, ][0.875442, 0.578138, 0.054667, -1.508342, -2.230031, ]]
[[0.788510, -2.151699, 0.055300, -1.597832, 0.576142, ][-1.792319, -1.792873, 0.666812, -1.705288, 1.279077, ][-2.639595, 0.190256, 1.151389, -0.567709, 2.178223, ][-0.507377, -0.499244, -0.158714, -0.781225, -1.051194, ][3.014925, 2.011191, -0.204501, -1.155742, -3.211738, ]]
[[-2.418362, -3.017119, -3.859713, -0.709153, 3.197265, ][-2.800161, -0.660953, -0.302822, -0.750340, 0.030637, ][-0.789078, 0.898564, 0.901295, -1.113841, -2.707399, ][1.105777, -0.168723, -0.810455, -2.823242, -2.805649, ][0.770782, -0.054457, -1.237947, 0.359558, 2.565340, ]]
[[0.953128, -1.532050, -2.416785, 0.037733, 2.033748, ][-1.327294, -0.292748, -0.127408, -1.650074, 0.306867, ][0.613247, 2.665439, 1.618588, -0.794301, -2.267043, ][0.501508, -0.921316, 0.753576, -1.185128, -3.126839, ][1.426765, -0.833081, -2.219986, -2.396051, -2.115092, ]]
[[-2.220170, -0.003809, -0.139796, -0.773522, -2.916790, ][-2.261292, -0.965425, 1.033003, 2.191692, -0.487815, ][1.259106, -0.505068, -0.084878, 2.597442, 0.074755, ][1.347309, 0.360548, -1.776664, -1.724301, -0.415636, ][-1.299064, -0.802324, -1.038433, 0.055261, 0.365744, ]]
[[0.253344, -1.329105, -1.658245, -1.678913, -0.600816, ][1.053450, -1.417298, -2.602266, -4.249659, -2.437179, ][-0.472245, 0.881443, 0.574317, 0.099490, -1.062764, ][0.831069, 4.719376, 2.102579, -1.541301, -1.838404, ][-2.005804, -1.630623, -1.390602, -2.032629, -1.702309, ]]
[[1.459134, -0.255350, 0.746107, 0.765090, -0.292333, ][-0.124241, -0.907135, 1.396438, 0.907165, 1.237847, ][-3.265727, -2.789061, -4.998764, -4.974871, -2.314733, ][-1.523383, 0.716110, -0.011097, -2.323148, -2.804514, ][-1.423883, -0.060957, 0.602850, 0.464807, 0.214562, ]]
[[-1.995393, 0.389287, 0.482112, -1.891415, 2.754291, ][-1.913025, 0.415460, -0.147332, -3.040296, 1.646301, ][1.420757, 2.527125, 0.387714, -2.186394, 0.288848, ][-0.241167, 0.995014, 0.478130, -2.030685, 1.768483, ][-4.297154, -2.134842, -0.712417, -1.778759, 1.999798, ]]
[[-2.176213, -1.712114, -1.372701, -0.376003, -0.949779, ][-2.591887, -0.617308, -0.468458, -0.295463, -1.233610, ][-1.327155, 0.058753, -0.627246, 0.177091, -0.648237, ][-1.301313, 0.457187, -0.266274, -0.247164, -0.701302, ][-0.088242, 2.002460, 2.132975, 1.421682, 0.739138, ]]
]
[
[[-2.482173, -3.445088, -2.866014, -2.844747, 0.075794, ][-2.996198, -2.216150, -1.402588, -0.443721, 2.465759, ][-1.896015, -0.634629, 1.136214, -0.666718, 0.684627, ][1.516192, 1.259522, -0.553423, -2.705891, -2.020110, ][2.419723, 1.045949, -0.526941, -1.131218, 0.539515, ]]
[[0.528955, 1.823285, -2.667740, -3.711266, -1.579348, ][1.091027, -1.633105, -4.279990, -4.032110, -2.183661, ][0.568427, -2.930421, -3.526039, -3.581540, -0.147514, ][-0.459237, -1.541398, -3.240270, 1.619999, 4.725163, ][-0.272440, 2.489442, 1.734134, 2.542383, 2.597645, ]]
[[0.286195, -2.170719, -2.782434, -1.896232, 1.193075, ][-3.618320, -1.775613, -0.657852, -0.444684, 0.884522, ][-2.917022, -0.400582, -0.195789, 1.094985, -1.397925, ][-0.888041, -0.033215, 1.106156, 0.485685, -2.200586, ][1.913386, 1.038627, -0.457842, -1.237502, -0.721415, ]]
[[1.150446, -0.701697, -2.885726, -1.244120, 1.713959, ][-2.909816, -3.324363, -2.201966, -0.524548, 2.053361, ][-3.855269, -1.848105, 0.092218, 1.341417, 1.309061, ][-1.020624, -0.561885, 1.580522, 1.286711, -1.043883, ][0.460587, 0.400790, 0.583416, -1.003542, -1.780124, ]]
[[0.599150, -2.027482, -2.071595, -2.315244, -0.497298, ][-3.180904, -3.942740, -2.038308, -1.440918, 0.351876, ][-4.945034, -2.026882, 0.581468, 0.061988, 1.110482, ][-2.375446, -0.977071, 0.059006, -0.340393, -0.682958, ][1.472311, 1.626392, 1.362351, 0.438524, -2.345078, ]]
[[-0.718652, -1.339736, -2.261772, -1.791347, 3.279630, ][-2.811092, 0.146584, 0.770997, -1.120942, 0.147998, ][-1.667582, 0.579445, 1.091077, 0.002143, -2.081177, ][0.567776, -0.735723, -0.390214, -2.227715, -2.474103, ][1.105371, 0.273819, -1.145515, -2.293118, 0.613315, ]]
[[0.899698, -0.667912, -0.450386, 0.138299, 2.261466, ][-0.170625, 0.217087, 0.760259, -1.071656, 0.379356, ][0.317440, 1.758398, 1.990181, -0.058578, -1.764885, ][-0.699728, 0.068749, 0.995867, -0.773265, -2.431044, ][1.525044, 0.978375, -0.782243, -3.515323, -2.081117, ]]
[[-3.253122, -0.707162, -0.012374, -1.048520, -2.017080, ][-4.189466, -1.172574, 1.633522, 1.576817, 0.095192, ][-0.024439, -0.835033, -0.211314, 0.231312, 0.794451, ][1.238379, 0.474852, -1.008645, -2.114385, -0.579475, ][-1.087213, -0.439401, -0.686243, -0.553438, 0.114994, ]]
[[-1.928601, -0.652317, -0.336340, 0.843238, 1.470730, ][0.183741, 0.409118, -0.108713, -1.802983, -1.372254, ][-1.134951, 1.170445, 3.186384, 2.123272, -0.775723, ][0.891211, 4.576611, 5.234661, 0.032567, -1.360619, ][-0.715985, 0.798302, -1.018485, -2.183131, -1.111772, ]]
[[0.138395, 0.799648, 1.392001, 0.754458, 0.147450, ][-1.541940, 0.199667, 3.228654, 2.045831, 1.998617, ][-3.321297, -1.983285, -2.177754, -2.032553, -0.197891, ][-0.380484, 2.792283, 3.518891, 0.141527, -2.165664, ][-1.963595, 0.896235, 0.579141, 0.371208, 0.656194, ]]
[[-2.332261, -1.159823, -0.935833, -2.072599, 1.250519, ][-1.005093, -0.062154, -0.144113, -4.430127, -3.318682, ][2.172901, 1.883564, 0.265319, -3.577011, -3.068242, ][0.294740, 2.216564, 0.786569, -2.016002, -0.542696, ][-3.185909, -1.206468, -0.940765, -0.701248, 0.623975, ]]
[[-2.401471, -1.988593, -0.642622, 0.627096, 0.465600, ][-3.498343, -1.442797, 0.391041, 1.070255, 0.090151, ][-1.397284, 0.926219, 0.646442, 0.999696, 0.913350, ][-2.085629, 0.273772, -0.502985, 0.369986, 0.210190, ][-1.446766, 0.434174, 2.203912, 1.145390, 0.433096, ]]
]
[
[[2.161684, 1.241226, -1.696561, -0.936453, 0.041476, ][1.858435, -0.652924, -0.536868, 1.978139, 0.455835, ][-0.070628, -0.186511, -1.658825, -0.974168, -1.077922, ][-2.505997, -4.779042, -4.944504, -0.675823, -1.403225, ][-0.502155, -3.356088, -0.742190, 0.764195, 1.930482, ]]
[[-2.714736, 2.303948, 3.754448, -2.617142, 1.172058, ][-1.822589, 2.179831, 0.607489, -3.050385, 3.226295, ][-0.712594, -3.246052, -2.574889, -1.020076, 0.217205, ][0.085748, -1.410531, -1.535816, -0.723010, -0.660783, ][0.084162, -0.659312, 0.989368, -4.200041, -0.596350, ]]
[[-0.448769, 1.012734, -2.567751, -2.477678, -4.063903, ][0.142970, -0.408247, 1.499112, -0.457154, -2.490428, ][-0.181072, 2.009223, 2.778460, 1.531019, 0.647725, ][-1.360180, -0.261533, -0.576702, -1.279187, 0.583176, ][-1.390456, -3.255619, -4.045799, 0.470470, 1.943319, ]]
[[-0.750794, 0.718701, -2.542982, -6.549303, -6.844680, ][0.992187, 0.357314, -0.881034, -3.191972, -3.549956, ][-0.147956, 1.732629, 1.406287, 1.734325, -0.261188, ][-2.438306, -0.635884, -1.110445, -1.715270, 0.976824, ][-1.291531, -3.077458, -3.595724, -1.178669, 3.612472, ]]
[[0.265668, 4.081359, 5.801097, 3.659499, 3.362045, ][1.026863, 2.098767, 3.097129, 2.837610, 1.486948, ][0.702833, -0.836151, 1.082095, 1.007094, -0.785723, ][-1.941326, -1.902750, -2.340876, -3.649372, -1.494365, ][-2.027390, -2.724861, -3.208680, -0.252650, 0.928503, ]]
[[0.750998, -0.822563, -3.193078, -4.688779, -2.791460, ][-1.881217, -0.628465, -0.113353, -0.610575, -0.015499, ][-2.049656, 2.178439, 2.700835, 1.539462, 0.900586, ][-3.604559, 0.697763, -0.621236, -0.822015, 1.092746, ][-2.298277, -1.977205, -3.161580, 0.031945, 0.366300, ]]
[[0.267566, -1.107725, -3.735837, -4.738729, -5.357267, ][-0.042473, -1.263954, 0.267932, -0.562257, -1.300423, ][-0.316368, 0.464958, 2.283144, 1.623248, 1.414426, ][-1.141090, -0.062673, 0.525762, -0.580046, -0.123787, ][-4.637418, -5.347819, -4.524085, 2.218155, 4.621286, ]]
[[0.006957, 1.340613, 4.007419, 5.238285, 1.852911, ][-1.077391, 0.414332, -1.885466, 0.207338, -0.702334, ][-1.695670, -1.278662, -2.139516, 0.446416, -0.941983, ][0.847042, -2.835230, -1.788876, -0.747706, -2.542457, ][1.747423, -1.489180, -0.582120, 0.624363, -2.494805, ]]
[[-1.316073, 0.209207, -1.498968, -2.956649, -3.075090, ][-1.838825, -1.490455, -4.134156, -5.084736, -3.082530, ][-0.305954, -0.517164, -0.538488, -1.563820, -1.028618, ][0.601912, 1.298745, 1.601518, 1.886007, -1.130006, ][-0.292703, 1.036282, 1.229956, 0.800606, 1.139291, ]]
[[-1.968692, 0.431199, 1.364455, 2.217055, 0.862832, ][-2.967013, -2.270552, -1.960895, -2.896402, -0.645690, ][-2.846515, -6.881061, -7.056937, -5.674264, -2.685130, ][-1.426853, -1.782282, -3.072735, -2.695773, -3.023273, ][0.744658, -0.438621, -0.043294, -2.046300, -3.187618, ]]
[[-0.384561, 0.882091, 1.012375, 0.438997, -3.018864, ][-0.525630, -0.967122, -1.165650, -1.717119, -0.448635, ][2.056527, -0.894124, 0.215289, -2.543727, 0.217227, ][2.351577, 0.976876, 1.080618, -0.911699, 1.559502, ][0.120100, 0.486953, 0.683889, -0.362307, 0.951918, ]]
[[1.903603, 0.021277, -0.553741, -1.622776, -1.728617, ][-1.045408, -1.414120, -2.366529, -1.586434, -2.727187, ][-1.343471, -1.374789, -1.490659, -2.183621, -3.328976, ][0.789200, 1.714675, 1.406732, -0.818159, -2.307722, ][2.639825, 2.947218, 1.642887, 1.038123, -0.179524, ]]
]
[
[[1.541937, 0.957270, -1.588161, -2.232841, 1.432843, ][-0.412501, -0.609775, 0.476116, -1.337866, 2.846372, ][-0.802889, 0.249085, -0.020124, -1.207048, -0.221886, ][-3.509470, -2.482632, -2.669912, -1.935771, -0.232977, ][0.156669, -1.268765, -0.706682, 1.638223, 2.446082, ]]
[[-1.952404, 3.672369, 2.151445, -2.690666, -3.101199, ][-0.034803, 3.227819, -3.332486, -4.183444, -2.048356, ][0.747528, -1.696550, -5.053028, -3.135813, 0.282188, ][0.744545, -0.209687, -3.287208, -0.647013, 4.121026, ][1.326149, 0.780242, -0.021317, 4.234656, 6.279094, ]]
[[0.959471, 0.721086, -1.853736, -1.649496, -0.937812, ][-0.422467, -0.930912, 1.405325, -0.011605, -1.318864, ][-1.431456, 0.902687, 1.618693, 0.626268, -1.032067, ][-3.441852, -1.353019, -0.202240, -0.940856, -1.279370, ][-1.417093, -2.987473, -1.194955, 0.220343, 1.331015, ]]
[[0.120985, 2.443132, -1.240444, -2.371573, -2.016316, ][0.826249, -1.889080, -0.500086, -0.314618, -1.753126, ][-1.355424, 0.273808, 1.445917, 0.836052, -1.055598, ][-2.975828, -1.614591, -1.069450, -1.124746, -1.632150, ][0.021955, -2.316320, -0.661451, 1.106161, 0.140387, ]]
[[-0.543448, 1.211542, 0.767839, 3.146178, 1.629541, ][-0.571229, -2.020926, 1.822687, 1.519197, 2.550036, ][-2.165873, -1.337052, 2.539126, 0.259518, 0.920425, ][-3.711754, -0.081624, -0.484522, -3.085515, -4.772544, ][-1.347722, -1.575130, -2.747525, -1.458870, -2.922153, ]]
[[-0.040886, -1.102880, -3.157176, -3.452875, -0.772490, ][-2.655443, -0.671903, 0.378243, -0.090993, -0.771786, ][-1.886031, 0.470155, 2.318008, -0.706390, -2.573866, ][-4.477917, -1.362152, -0.859637, -2.459635, -1.083446, ][-1.764038, -0.964724, 0.459982, 0.774371, 1.903677, ]]
[[0.218677, 0.187458, -3.722019, -3.634937, -1.261337, ][0.361108, -1.950749, 1.108491, -0.141288, -1.603801, ][-1.230616, 1.933006, 3.793862, 0.905111, -1.976548, ][-2.788603, -0.186782, 0.359841, -2.096638, -1.380664, ][-7.111958, -5.371228, -1.819165, -0.090323, 1.521202, ]]
[[-1.925062, -1.511600, 3.018071, 3.887973, 0.854991, ][-2.943801, -0.437785, -0.659056, 1.355503, 2.592957, ][-2.119979, -1.654201, -1.824409, -0.197611, 0.225744, ][-0.288626, -2.502976, -2.636340, -2.710701, -3.924322, ][0.919083, -1.721969, -1.974447, 0.390716, -1.276158, ]]
[[-2.652091, -0.194004, -0.833869, -0.341570, -2.290176, ][-0.471810, -0.939696, -3.173653, -2.681022, -4.870521, ][1.457498, 2.651234, 1.653063, 1.047404, -4.122049, ][-0.962842, 1.588607, 4.403464, 1.422819, -3.176249, ][-2.838278, 0.023901, 1.620241, 0.273431, 2.709110, ]]
[[1.974589, 2.189928, 1.770969, 0.525130, -2.318234, ][-0.297723, 0.033680, -0.286771, 0.706241, 1.698096, ][-4.135263, -4.844393, -5.739911, -3.749862, -3.599781, ][-3.029593, 0.423301, -0.722779, -0.634739, -2.461623, ][-1.003758, 1.459634, 2.922301, 1.508796, 0.305982, ]]
[[-1.477869, 0.472897, 3.154437, -0.807344, -3.376069, ][-1.200988, -0.798590, 0.054841, -3.706997, -2.941861, ][3.561828, 1.852486, 1.839530, -3.912751, -1.858310, ][2.918460, 5.477436, 3.001685, -3.981240, -1.335872, ][0.691768, 3.577790, -0.381801, -3.232915, -1.764085, ]]
[[0.704873, -1.645091, -0.130384, -0.386236, -1.189079, ][-2.794750, -2.470190, -1.130150, -1.175226, -1.665057, ][-4.071149, -1.800918, -1.819917, -2.769424, -4.053131, ][-1.299193, 1.926460, 1.483943, -1.553329, -4.319576, ][1.720055, 4.237480, 3.662798, 0.773262, -0.929078, ]]
]
[
[[-0.757534, -1.607913, -2.133966, -2.612119, 0.314599, ][-2.985745, -1.387567, -0.543895, 0.190977, 2.125517, ][-3.231471, -0.583971, 0.885815, -0.378539, -0.283495, ][0.061109, -0.278970, 0.107031, -0.338131, -0.204079, ][1.381638, 0.534203, 0.234767, -0.789619, 0.437961, ]]
[[0.138243, 0.910165, -0.097520, -2.876240, -1.586626, ][0.619303, -0.395268, -2.938360, -2.877373, -0.910162, ][1.570841, -2.655987, -1.512836, 0.389169, 2.053654, ][0.006268, -0.138368, -1.509055, 3.352380, 5.016519, ][-1.713421, 1.851264, -0.234372, 0.111685, -0.598507, ]]
[[0.390887, -1.175878, -1.834587, -0.907232, 0.947670, ][-2.368069, -0.473928, 1.178269, 0.773023, -0.078510, ][-3.006985, -0.034127, 0.422935, 1.599023, -1.126913, ][-3.582649, -0.554391, 1.298940, 0.022638, -0.971193, ][-0.862668, -0.856646, -0.242181, 0.155248, -0.309877, ]]
[[0.672791, 0.105377, -2.323887, -1.079474, -0.197511, ][-0.891448, -1.987719, -0.878332, 1.183112, 2.082096, ][-3.401063, -0.907168, 0.888241, 0.755646, 0.656588, ][-2.516149, -0.897355, 2.375206, 1.122456, -0.324396, ][-0.312163, -1.130860, 0.751405, 0.719154, -1.969575, ]]
[[-0.185606, -1.399520, -2.682148, -1.456767, -1.266943, ][-2.255543, -2.617363, -1.033753, -0.500045, 1.750024, ][-4.617509, -1.717061, 1.025551, 0.642550, 0.067138, ][-2.420170, -0.750839, 0.016890, 0.015935, 0.016447, ][-0.918455, 0.323582, 1.988483, 2.915133, 0.525278, ]]
[[-0.037076, -0.493280, -1.226872, -1.226627, 1.019759, ][-2.340390, 0.983050, 2.250002, -0.763911, -1.988762, ][-1.677840, 0.498141, 0.738288, -0.244768, -2.962575, ][-1.542241, -1.079422, 0.431933, -0.958518, -0.264628, ][-0.507225, -0.138332, -0.402967, -0.002415, 0.286547, ]]
[[-0.224724, 0.635173, -0.996219, 0.030330, 1.177894, ][1.697724, 0.193997, 2.790660, 0.338731, -1.344362, ][-1.326672, 0.303767, 2.776570, -0.231201, -3.379251, ][-1.893568, 0.186686, 0.583855, -1.631506, -1.961638, ][-1.050929, 0.974414, 1.417059, -0.959711, -0.458761, ]]
[[-1.687587, -0.711382, 1.528394, 0.650555, 0.191602, ][-4.440864, -1.551463, 0.313160, 2.545733, 1.173861, ][-1.525191, -1.106227, -0.863988, -0.684912, 0.415181, ][0.165007, -2.099712, -1.188953, -0.978713, 0.383256, ][1.114742, -0.422174, -0.564697, 0.757638, 1.753402, ]]
[[-1.457318, 2.012756, 2.314525, 2.137334, 2.045208, ][-0.540306, 1.180517, 0.614185, -1.494070, -2.220745, ][-0.043443, 0.449187, 3.651210, 2.228107, -2.189419, ][2.129345, 4.373405, 5.238331, 0.728964, -2.237134, ][2.239561, 3.029444, 0.607629, -2.372797, -0.991266, ]]
[[-0.677452, 0.404508, 1.660372, 2.107948, 1.810457, ][-2.307476, 0.715515, 2.957761, 2.311576, 2.995758, ][-2.826126, -1.245953, -0.851009, -0.411664, -0.769865, ][0.943787, 2.864426, 3.468064, 2.320764, -0.279940, ][-1.339794, 0.777468, 1.498881, 1.051060, 0.861336, ]]
[[-0.834566, -2.130541, -1.274021, -2.927714, -1.583361, ][-0.923785, -0.297082, -1.223276, -4.189169, -3.544326, ][2.962810, -0.580705, -0.332727, -4.114436, -3.728102, ][1.760475, 1.220840, -1.260421, -4.916727, -2.642620, ][0.092414, -0.918497, -2.803208, -1.760489, -2.269617, ]]
[[-1.486164, -0.976945, 0.874877, 0.910330, 0.887335, ][-3.239179, -1.311865, -0.112827, 0.590358, 0.430083, ][-1.903575, 0.155017, -0.065644, 0.880669, 0.337953, ][-0.886703, -0.888168, -0.517777, -0.219065, 0.629183, ][0.755624, 1.257820, 1.350649, 0.487543, -0.712393, ]]
]
[
[[-0.926616, 0.972685, -1.137233, -0.170346, 0.997239, ][-3.834819, -3.219262, 0.092795, 2.149934, -0.027843, ][-3.507083, -0.607727, 0.519066, -0.324079, 0.675005, ][-3.174979, -2.158253, -3.171551, 0.022449, -0.150190, ][0.492451, 0.322868, 0.811081, 1.004772, -0.661442, ]]
[[-2.132452, 0.293814, 2.458557, -0.240775, -3.206341, ][0.720679, 1.690257, -0.510968, -1.746561, 0.828439, ][-0.126626, -3.037087, -1.646301, 1.402252, 4.464805, ][-2.035801, 0.122328, -0.432249, 2.613544, 2.641603, ][-1.166595, 1.161721, 0.078750, -3.539698, -4.025831, ]]
[[1.326361, 2.689854, -0.038137, 0.027528, 0.248594, ][-1.944040, -1.221616, 3.255100, 2.371603, -0.271648, ][-3.585504, 0.783814, 3.201738, 2.009627, -0.712812, ][-2.499926, -0.614448, 0.657417, 0.144225, 0.593319, ][-2.770483, -1.095471, 0.229516, 1.133393, 0.260657, ]]
[[1.668727, 2.487310, -0.601101, -1.144759, -0.826789, ][-1.327920, -1.312901, 1.659833, 1.646401, 0.734586, ][-3.780206, 0.059141, 1.969087, 1.231808, -1.739970, ][-4.132273, -1.409068, 0.153286, -0.417346, 1.000692, ][-2.753351, -1.565149, 0.408010, 1.556184, -0.523859, ]]
[[-1.158632, 1.928164, -1.949952, -0.261909, 1.763972, ][-0.641314, -1.750062, -0.185594, -0.015154, 3.163653, ][-4.259626, -1.208083, 1.243370, 1.200456, -0.012973, ][-4.724203, -1.888080, 1.099468, 0.513333, -0.087377, ][-3.428322, -1.498659, 1.838390, 5.205741, 4.245623, ]]
[[2.388637, 1.683448, 0.303218, -2.481604, -0.055424, ][-2.068327, 0.937039, 2.992983, -0.187542, -0.541207, ][-1.356294, 3.035629, 2.460274, -0.161906, -2.901377, ][-0.214912, 0.465163, 0.709409, 0.874225, 2.070822, ][-1.832392, 0.186297, 1.688574, 2.298025, 0.936805, ]]
[[0.673612, 1.453555, 0.161480, -1.548029, 0.224419, ][1.135781, -0.318848, 0.776134, 0.203797, -1.924157, ][-1.986879, 1.491014, 2.058231, -0.210255, -5.081325, ][1.314364, 2.343670, 3.047004, -3.086485, -2.636822, ][-1.154367, -2.541289, -1.458340, 0.835823, 2.780680, ]]
[[-2.269854, -1.274637, 1.943740, 1.210219, 0.959114, ][-6.561058, -1.218523, 0.704523, 0.666244, 0.857007, ][-3.842765, -1.830895, -1.148315, 0.149743, 1.883756, ][0.861627, -1.740001, -2.057388, 0.047090, 1.516469, ][2.291448, 0.340014, -0.404321, 0.057499, 0.389950, ]]
[[-1.350146, 2.606808, 1.015363, -0.999510, 1.471386, ][-4.156121, -2.303360, -0.866932, -0.961429, -0.723066, ][-2.909309, -2.294819, -2.977373, -0.793418, -2.236648, ][4.717650, 3.575977, 1.695652, 3.403321, 1.137420, ][4.571310, 2.038922, -0.076349, -0.284031, 0.862161, ]]
[[-2.923829, -1.066799, 1.367912, 3.783319, 3.457386, ][-4.323613, -0.879861, 2.473280, 1.195778, 1.802797, ][-3.920172, -1.607725, 0.064126, 1.542213, 1.568791, ][-0.292818, 2.332836, 2.036770, 3.203977, 1.474537, ][-0.893670, -1.285863, 1.131614, 1.622211, -0.972245, ]]
[[1.124488, 0.151853, -1.194570, -2.647151, -6.583807, ][0.537067, 0.069070, -1.119232, -6.021452, -8.721285, ][3.711781, 2.153572, -0.615092, -4.680422, -5.572512, ][5.337035, 3.126803, -1.461943, -4.048835, -0.567370, ][2.430313, 0.758657, -1.179727, 1.611790, -0.028386, ]]
[[-0.867300, 0.115848, 2.507984, 2.504165, 2.432649, ][-3.722554, -1.999736, -1.392174, -0.343087, 0.056883, ][-2.761373, -1.012627, 0.214335, 0.435504, -2.552209, ][-0.010207, -2.160028, -1.265074, -0.443898, -1.124819, ][2.008257, 1.197068, 0.670790, 0.392669, -0.948374, ]]
]
]

Layer 5
[
[
[[-0.140333, 0.322432, 0.052748, 0.579429, ][-0.087781, -1.849634, -0.394592, 0.311516, ][1.220364, -0.713513, 0.697280, -0.073133, ][1.415855, 0.052419, 0.010787, -0.374763, ]]
[[0.083967, 0.115782, 0.275008, 0.092514, ][-0.057756, 0.136558, 0.173455, 0.122204, ][-0.116906, -0.523732, 1.199382, -0.452953, ][0.322737, -0.161854, 0.262878, 0.047384, ]]
[[-0.200249, 0.066005, -0.341733, 0.463573, ][-0.592651, -0.203417, -1.305780, -1.535137, ][-1.067255, -0.817107, -0.150958, -1.061498, ][0.918313, 1.599915, -1.248800, 1.463344, ]]
[[-0.496185, -0.374635, 0.623849, 0.572092, ][-1.835285, -2.441969, 0.643792, 1.316608, ][-0.537257, -0.322416, -0.059546, 0.421741, ][-1.687401, -1.348543, 0.111265, -0.550829, ]]
[[-0.692324, -0.705277, 0.042122, -0.531941, ][0.271316, 0.420195, 0.158359, 1.756863, ][0.975004, 0.978806, 1.733909, 1.279531, ][-0.611127, -1.154772, -0.281294, 0.579035, ]]
[[0.214989, 0.265058, 0.904306, -0.309566, ][2.023741, 1.597310, -1.080726, -0.193005, ][-1.139994, 1.239053, 0.088668, -0.140434, ][-0.788390, -1.689538, -2.467934, 0.083586, ]]
[[0.109335, -0.507558, -0.208294, -0.092725, ][0.077313, 0.150252, -0.565271, -0.233329, ][-0.083565, -0.417252, 0.894699, -0.051088, ][-0.090228, 1.100226, 0.878587, 0.442862, ]]
[[0.058031, -0.958886, -1.091490, -0.471766, ][-0.235570, -2.464615, -1.727555, -0.238113, ][0.286555, -1.685727, 1.053387, 0.201371, ][-1.101529, -1.325195, -0.972969, -0.226954, ]]
[[-0.317738, 0.498095, 1.316835, 0.367028, ][1.197008, 0.138047, -0.823677, -0.073139, ][0.112199, -1.734177, -2.770112, -0.169189, ][1.548523, 1.148800, 3.274298, -0.134522, ]]
[[-0.102826, 0.418405, -0.294196, -0.597865, ][1.030218, 1.921792, 2.227855, -0.080299, ][0.201549, 0.518068, -1.050375, -0.255553, ][-0.412678, -2.415478, -4.236273, -1.109732, ]]
]
[
[[-0.907439, -1.832406, -2.096511, -2.342675, ][-0.310387, 0.263437, -2.275834, -1.736535, ][-0.295316, -1.418188, -3.000371, -0.777838, ][1.167231, -0.635302, 0.262825, -0.532024, ]]
[[-1.378374, 1.579683, -1.026679, -0.064137, ][-0.345180, -0.782451, -0.491012, -0.742266, ][-1.659051, 2.791956, -0.557080, -0.603755, ][0.670782, 1.008295, -0.609908, -1.229131, ]]
[[-0.671893, -0.432313, -1.933460, -2.432656, ][0.234744, -1.210866, -1.991086, -1.788287, ][0.233638, -0.598532, -1.820578, 1.815184, ][3.011094, 1.103969, -0.053444, 0.841606, ]]
[[-1.368018, -1.584980, -2.269299, -2.701112, ][-0.098035, 1.107178, 1.693047, 2.775008, ][-1.229172, 0.763312, -0.864742, -1.052267, ][-1.822383, -3.383561, -1.515750, 0.709287, ]]
[[-0.860606, -1.960547, -0.461661, 0.872521, ][-0.243147, -0.203283, 0.040223, 1.570809, ][-0.029293, -2.372399, 0.609642, 0.920360, ][-0.865909, -1.328288, -0.043939, 0.161338, ]]
[[0.924411, 2.213186, 2.495487, 2.590483, ][-1.076227, -0.318714, -0.005948, 0.353167, ][-0.265617, -1.490894, -3.292154, -4.201427, ][-0.713361, -0.128870, -1.557508, -2.277928, ]]
[[0.409801, 0.461670, 2.548895, 0.682648, ][-1.092521, -0.376458, -0.449605, -3.809661, ][0.135547, -1.549200, -2.377997, -0.653564, ][-0.147504, 0.464547, -0.020401, 0.011636, ]]
[[-0.611821, -2.080664, -1.215352, -1.314887, ][-0.401296, -2.369002, -1.072835, 0.692101, ][1.804350, -0.551905, -0.046046, 0.573604, ][-0.609546, 0.134620, 1.865445, -0.015035, ]]
[[0.445226, 0.251654, -0.641352, -0.290479, ][-1.224817, -2.972615, 0.959551, 2.703538, ][-1.541868, -0.800581, -0.953349, 1.775580, ][-1.194045, 0.246965, -1.667729, -2.556391, ]]
[[0.100352, 1.306548, -2.894888, -4.044551, ][0.263522, 1.203571, -0.484347, -2.621373, ][-0.693804, -0.275472, -0.059351, 0.504025, ][-0.623759, -0.076991, -0.967504, -0.251588, ]]
]
[
[[-0.202590, -0.163936, -0.229012, 0.228814, ][-0.036527, -0.987201, 0.599045, 1.029449, ][0.869318, 0.690514, 0.693527, -0.516182, ][0.509517, 0.578003, -0.101970, -0.274302, ]]
[[-0.129871, -0.368624, -1.182292, -0.102069, ][-0.113393, -0.442363, -1.187124, -0.124961, ][-0.167065, -0.005165, -0.739217, -0.292964, ][-0.080332, -0.891790, -1.650350, -0.178784, ]]
[[-0.037405, -0.165476, -0.324231, 0.348738, ][-0.169843, -0.867483, 0.613707, -0.104197, ][0.234866, -0.260615, -0.626687, -0.295844, ][0.521835, 0.427791, 0.051792, 0.139379, ]]
[[-0.460730, -0.985226, -0.743331, -0.276848, ][-0.466319, -1.431851, -0.454296, -0.121059, ][-0.866246, -1.045337, 0.592106, -0.340100, ][-1.141510, -2.376789, -0.074211, -0.179342, ]]
[[-0.589547, -0.622250, -0.565809, -0.544127, ][-0.466026, -2.319326, -1.822213, -0.499901, ][-0.329808, 0.342591, -0.397211, -0.864272, ][-0.589786, -0.692316, -0.750236, -0.348890, ]]
[[-0.050638, 0.034673, -0.353310, -0.277108, ][0.986410, -0.387747, -1.706372, -0.236641, ][-0.399378, -0.704210, -0.565275, -0.133578, ][-0.348422, -0.603088, -0.541093, 0.616828, ]]
[[-0.329708, -0.293008, -0.708843, -0.368197, ][-0.349685, -0.127559, -0.796925, 0.559838, ][-0.288183, 0.469106, 1.409197, 1.001947, ][-0.500442, 0.356731, 0.379519, -0.130290, ]]
[[-0.058019, -0.591217, -0.744491, -0.235597, ][-0.594299, -1.558188, -0.809824, -0.033323, ][-0.379303, -0.877656, -0.111958, -0.109262, ][-0.420503, -0.657766, -1.230989, -0.133828, ]]
[[-0.255139, 1.719834, 2.953476, 0.668039, ][0.984460, 2.363755, 2.021044, -0.223034, ][-0.050286, 0.463008, -0.892602, -1.071288, ][0.999042, 1.455599, 1.654824, -0.191778, ]]
[[-0.143712, 0.858388, 0.255981, -0.255158, ][1.339219, 1.795269, 2.338112, -0.056195, ][0.637281, 1.577504, -0.740240, -0.522392, ][-0.410803, -1.398913, -1.578571, -0.362933, ]]
]
[
[[-0.186136, 0.787200, 0.007428, 0.257903, ][0.891145, 0.281332, 1.317461, 0.233573, ][1.507061, 0.652408, -0.700835, -0.945903, ][-0.043733, -0.872180, -0.380425, -0.449553, ]]
[[-0.123757, -0.223346, -0.927724, 0.418620, ][-0.184142, -0.862712, 1.229597, -0.098173, ][-0.166256, 1.895751, -0.011188, -0.221827, ][0.435964, -1.011463, -1.097588, -0.193227, ]]
[[-0.099077, 0.183699, -0.037694, 0.360869, ][-0.223399, -1.255474, 0.205954, -0.178174, ][1.457569, 1.221674, -0.572968, -0.722508, ][1.652203, -0.025993, 0.085147, -0.159399, ]]
[[-0.757496, -1.316418, -1.029466, -0.712528, ][-0.892304, -1.710705, -1.443506, -0.621382, ][-1.170488, -1.049402, 0.691346, -0.478255, ][-1.740328, -2.068768, -0.134666, -0.290933, ]]
[[-0.587605, -0.827982, -0.627215, -0.586890, ][-0.409773, -2.167746, -1.399050, -0.707179, ][0.234553, 0.653861, -1.016939, -1.296777, ][-0.479921, -0.516281, -0.583606, -0.394465, ]]
[[0.289950, 1.180682, -0.081831, -0.396244, ][1.122581, -0.180060, 0.094078, 0.511606, ][-1.100272, -0.616972, -0.945328, -0.111370, ][-0.411463, -1.562096, -1.066053, 0.450764, ]]
[[-0.413754, -1.002883, -1.196896, 0.025691, ][-0.330395, 0.719754, -0.452966, 1.086312, ][-0.483212, 0.783169, 2.406134, 1.433429, ][-0.787416, 0.231830, 0.773390, 0.091687, ]]
[[-0.116822, -0.806511, -0.801581, -0.073131, ][-1.071703, -1.345963, -0.437033, -0.002661, ][-0.118498, -0.593241, -0.252147, -0.009535, ][-0.508881, -0.469807, -0.875689, -0.058948, ]]
[[-0.235811, 2.343292, 1.902575, 0.252789, ][0.044897, 1.126774, -1.077172, -1.024233, ][-0.126052, 0.468429, -1.093120, -0.292755, ][0.744639, 3.635535, 2.354937, -0.194265, ]]
[[-0.114664, 1.194167, 0.397379, -0.269521, ][1.607400, 2.490480, 2.526027, -0.566695, ][-0.797855, -1.912169, -0.347285, -0.697979, ][-0.753760, -2.877692, -1.914667, -0.422383, ]]
]
[
[[-0.810887, -1.155795, -1.475114, -0.587846, ][0.067959, -2.367749, -1.841768, 0.050594, ][1.475370, 0.605242, 0.267211, -0.482817, ][0.702664, 1.528120, -0.427983, -0.799587, ]]
[[-0.215775, -0.395254, -1.660497, -0.338996, ][-0.012224, -1.103299, -2.684376, -0.597588, ][0.192440, -0.488609, -1.178898, 0.634733, ][0.491027, -2.498025, 1.117461, 0.342418, ]]
[[1.205511, -0.851268, -0.763032, -0.206117, ][-0.332929, -2.012241, -2.086682, -0.568879, ][-1.336887, -3.115464, 0.156268, 1.080582, ][-0.018640, 0.903237, 3.675312, 1.954052, ]]
[[0.768439, -0.664667, -1.053700, -0.318770, ][-0.656493, -3.475891, 1.297706, 1.440658, ][0.066301, -1.317718, 0.288990, -0.936200, ][0.414608, -1.120028, -1.384046, -1.546331, ]]
[[-1.527434, -0.264087, 0.437970, -0.522592, ][0.428858, 1.140953, 1.189792, 2.631602, ][-0.082410, 0.426713, 0.024399, 0.770580, ][-1.350575, -1.044329, -0.789584, -0.682406, ]]
[[-1.237851, 1.005370, 0.697931, 1.781591, ][0.466096, 0.181260, -0.048789, -2.207193, ][-1.247611, -2.034125, -1.683019, -0.631482, ][-0.649366, -0.584817, -0.775912, -0.417673, ]]
[[-0.539395, 1.237052, 0.532189, -0.818695, ][0.345626, 2.008830, 1.784404, -1.106176, ][-0.261064, 1.540225, -0.344487, -1.736466, ][-0.301112, 0.211943, -0.516645, -0.171263, ]]
[[0.778753, 0.438777, 0.473474, -0.316096, ][-0.683355, -3.142344, -0.297872, 0.785335, ][-0.770038, -1.051935, -0.150128, -0.400263, ][-1.303496, -1.318053, -2.204369, -0.832539, ]]
[[-1.200102, 0.150226, 0.668849, 0.144822, ][-0.083738, -0.579122, 0.150303, 1.244607, ][-0.578577, -0.986412, 0.247882, 0.698015, ][1.150345, 1.127831, -0.114405, -0.151503, ]]
[[0.211114, -0.267054, -1.393071, -0.685093, ][0.722082, 1.164421, -2.427008, -2.821339, ][1.559069, 2.086377, -0.526725, -0.891218, ][0.258763, -2.708587, -2.278117, 0.533853, ]]
]
[
[[0.006762, 0.062782, -0.005816, 0.498506, ][0.043153, -0.147771, 0.145219, 1.427781, ][0.725741, 0.441252, 1.367682, 0.097721, ][0.004141, 0.543321, -0.057882, 0.024292, ]]
[[0.010001, -0.369964, -0.704544, -0.395086, ][-0.030558, -0.358377, -2.385204, -0.020456, ][-0.107484, 0.196313, 0.287821, -0.217046, ][0.004742, -0.498847, -1.751989, -0.307424, ]]
[[-0.035513, 0.105795, -0.103090, 0.219784, ][-0.200536, -0.509807, 0.292514, -0.500542, ][0.413620, 0.723812, -1.121338, -0.720463, ][1.471173, 0.957038, -0.173882, -0.486482, ]]
[[-0.175800, 0.313593, 1.399678, 1.911762, ][-0.276036, -0.127119, 2.623267, 1.469793, ][-0.324289, -1.017267, 1.081644, 0.610041, ][-0.315723, -1.020421, 1.109783, 1.441842, ]]
[[-0.488913, -0.651756, -0.430446, -0.409698, ][-0.446192, -2.016754, -1.615418, -0.902951, ][-0.354205, 0.263477, 1.142689, -1.553871, ][-0.626828, -0.700543, -1.487575, -0.425292, ]]
[[0.032258, -0.362342, -1.032085, -1.550283, ][0.570009, 0.636201, -3.349609, -1.085330, ][-0.240509, 0.206817, 0.028534, 0.386532, ][-0.011661, 0.208390, -0.315510, 0.706635, ]]
[[-0.061319, -0.832687, -0.902593, -0.305480, ][-0.117601, 0.071890, -1.643247, 1.249300, ][-0.100963, 0.035433, 0.165340, 1.884024, ][-0.456566, 0.555920, 0.936444, 0.426661, ]]
[[-0.128267, -0.455692, -1.372405, -0.206830, ][0.080241, -1.230412, -0.907815, -0.039062, ][-0.438138, -1.215193, 0.200599, 0.147968, ][-0.375406, -1.405770, -1.175457, -0.110591, ]]
[[-0.126830, 1.704907, 2.580961, 0.403724, ][0.525345, 1.403276, 2.792427, 0.831333, ][0.082910, 0.133599, -1.036310, -2.215616, ][0.418050, 0.763877, 0.663581, -0.298355, ]]
[[-0.006690, 1.009912, 0.295857, 0.377446, ][0.629895, 3.268261, 0.505580, 0.683683, ][0.828378, 0.056913, -2.078124, -0.436728, ][-0.370783, -1.341435, -1.330565, -0.379942, ]]
]
[
[[-0.039945, 0.049507, -0.588714, 0.066620, ][0.117368, -0.232074, 0.411356, 0.592264, ][0.546488, -0.161700, 0.157474, 0.749088, ][-0.847957, -0.215283, 0.323927, 0.849571, ]]
[[-0.035021, -0.674562, -0.796862, -0.135832, ][-0.076237, -1.152374, 0.371309, 0.062364, ][-0.183989, 1.111528, -0.092552, -0.273421, ][0.281429, -0.587346, -2.039413, -0.156348, ]]
[[-0.093230, 0.354082, -0.453876, 0.184187, ][0.152425, -1.238588, 0.693893, 0.326453, ][1.145125, 0.595700, -1.409701, -0.961327, ][0.843221, -1.435314, -2.133262, -0.819049, ]]
[[-0.077330, 0.438740, 2.039547, 2.036753, ][-0.346589, -1.718792, 0.964653, -0.011926, ][-0.346578, 0.664953, 2.135363, 1.098225, ][0.009491, 3.631964, 2.259669, 0.993596, ]]
[[-0.510130, -0.567186, -0.426288, -0.550156, ][-0.439910, -1.675924, -0.350759, -0.894902, ][-0.776480, 0.032140, -0.681648, -1.542249, ][-0.517067, -1.533200, -1.425657, -0.500930, ]]
[[0.216339, -0.944372, -2.279950, -2.172817, ][0.508797, -0.562938, -2.902673, -0.515960, ][-0.015259, 1.723895, 0.542602, -0.337489, ][-0.121376, 0.530484, 1.853166, 0.971559, ]]
[[-0.236906, -0.996213, -1.350430, -0.423807, ][-0.486617, -0.594197, -1.569159, 1.492903, ][-0.286629, -0.713556, 0.060476, 0.988163, ][-0.521532, -0.840827, 0.065595, 0.227629, ]]
[[-0.114742, -0.698758, -1.130681, 0.059841, ][-0.201539, 0.328804, -0.544142, 0.215962, ][-0.169793, -0.783090, -0.639493, 0.148916, ][-0.752126, -3.219942, -3.437386, -0.120790, ]]
[[-0.221558, 3.091368, 2.131715, 0.987472, ][0.343049, 1.544544, 1.263793, 0.640535, ][-0.061366, -1.757104, -1.623420, -1.181869, ][-0.945700, 0.744998, 1.231328, -0.853277, ]]
[[-0.048341, 1.748905, 0.990471, 0.106959, ][0.680219, 3.154331, 1.774877, 0.205855, ][-0.128670, 0.595901, 0.263431, -0.595028, ][0.281925, -1.487087, -2.588572, -0.703348, ]]
]
[
[[-0.534351, -0.299225, 0.810958, 0.387339, ][-0.454078, -2.075041, -2.514690, 0.654849, ][1.218768, -0.960725, -0.271766, -0.817433, ][0.969896, 1.767536, -1.327723, -0.860900, ]]
[[-0.130769, 0.020361, -0.441797, -0.891935, ][-0.153537, 0.087744, 1.814313, -0.986760, ][-0.167114, -0.662956, -0.499392, -0.826844, ][-0.367272, -0.630009, -0.609545, 1.181719, ]]
[[-0.493514, -0.294643, 1.022041, -0.500791, ][-0.538188, -2.153953, -0.892228, 0.260250, ][-1.759418, -3.322131, -1.084096, -0.972641, ][-1.161403, -0.675345, 2.530062, 0.465880, ]]
[[-0.450391, -0.660482, 1.428148, 0.101868, ][-0.907727, -3.005431, -0.309967, 0.038970, ][-0.851686, -0.704220, 0.112110, 0.062845, ][-0.631009, -0.755426, -0.063086, 0.420009, ]]
[[-0.559760, -0.148148, -0.220868, -0.127634, ][0.436367, 0.479842, 0.156109, 1.821587, ][-0.056618, 0.740702, -1.067192, 0.660735, ][-0.592118, -0.853551, -0.354254, -0.671425, ]]
[[-0.531636, 0.158460, -2.564560, -1.016783, ][0.107118, 1.429279, -0.135899, 1.137272, ][0.276736, -0.123591, 1.158399, -1.179854, ][-0.967056, -1.753780, 0.330008, -0.610671, ]]
[[-0.272580, -0.154279, 0.008708, -1.124633, ][-0.091818, -0.196084, 0.175952, -1.712773, ][0.558383, 0.208894, 0.367491, -1.387871, ][0.566577, 1.665639, -1.049209, -1.043378, ]]
[[0.728959, 1.190592, -1.399837, -0.852994, ][0.362412, -0.967174, -0.877265, -1.080473, ][-0.913262, -1.855323, -0.847420, 1.315084, ][-1.746534, -1.889034, -2.484077, -0.723128, ]]
[[-0.472758, -0.417736, 0.778274, 0.330271, ][1.122569, 1.889336, -1.416263, -0.452452, ][0.575093, 2.225695, -0.622006, 1.484381, ][0.310077, 0.361595, -0.892033, 1.332732, ]]
[[-0.637614, -0.671693, 0.605880, 0.640280, ][-0.169937, -2.653554, -1.345079, -0.876397, ][1.437880, 0.553212, -1.599282, -0.010186, ][-0.481936, -0.662347, -3.177202, -0.963657, ]]
]
[
[[-2.272060, -2.541023, -0.529401, -0.534299, ][-2.400360, -2.026772, 1.430146, 1.623450, ][-1.696710, -0.833614, -0.183953, 0.161311, ][-0.285085, -0.877901, 0.815332, 0.984872, ]]
[[-0.333902, -2.544736, -1.335696, -0.821854, ][-0.262137, -1.756418, -0.917521, -0.376859, ][-0.762179, -0.881902, -0.561644, -0.494684, ][-1.711718, -1.402807, -0.351125, -0.321865, ]]
[[0.686722, 1.798201, 1.310611, 0.422520, ][-0.836691, 0.877866, -0.761517, -0.997348, ][-1.888337, -1.160798, -0.275462, 0.937421, ][-0.831796, -0.210122, 0.918081, 0.968367, ]]
[[1.217748, 0.742624, 0.136277, -2.000550, ][-0.043030, 0.249625, -1.792460, -3.649499, ][0.273745, 1.803532, 1.224213, -0.280667, ][-0.130909, 2.343018, 1.340662, -0.629280, ]]
[[-0.872979, -2.129453, -1.019357, -0.768198, ][-1.132451, -2.030449, -1.096792, -0.998206, ][2.047042, 0.762451, -0.773042, -0.682539, ][1.513840, -0.686829, -0.918838, -0.665835, ]]
[[-3.890658, -2.329928, -0.340154, -0.086362, ][-0.312797, 0.753379, 1.483980, 1.623059, ][-1.402931, -1.196195, 0.364154, 0.897396, ][2.011049, 0.480525, -1.030016, -1.913054, ]]
[[-1.898280, -2.792246, -0.946509, -0.527276, ][-3.405208, -1.386577, -2.178298, -1.055118, ][-2.006012, -3.267847, 0.135358, -0.561730, ][-0.098015, -0.403583, 0.927393, 0.452523, ]]
[[0.481855, 1.593607, 0.463427, -0.076881, ][0.546598, 2.212139, 1.945129, 0.008593, ][1.467920, -2.049562, -1.379664, -0.503018, ][0.249120, -1.818612, -2.170452, 0.081268, ]]
[[-1.102137, -0.748280, -2.387744, 0.454843, ][0.789597, -0.156284, -0.957745, -1.639334, ][1.977129, -3.089540, -1.556312, 0.968979, ][-0.820005, -1.010398, -1.476535, -0.886654, ]]
[[-1.351793, -1.198876, -0.751520, -0.939844, ][-1.352515, 1.265567, -1.089712, -2.590619, ][-1.508731, 1.015362, 0.721348, -0.625771, ][1.272508, 0.093244, 0.002777, -0.748996, ]]
]
[
[[-1.244245, 0.254387, 0.526712, -0.989854, ][-1.364333, -1.941967, -0.882135, -0.647840, ][-1.350172, -2.609012, -1.274668, -0.302396, ][-1.715553, 0.035214, -0.539721, 0.235995, ]]
[[-0.346415, -2.127375, -3.350273, -0.837386, ][0.258094, -0.878585, -2.133054, -1.308830, ][-0.446005, -1.368129, -2.002210, -1.002007, ][-1.874076, -2.869352, -0.201087, -0.317796, ]]
[[-1.688407, -0.659252, -0.874902, -2.451963, ][1.642371, 0.071887, -1.926888, -0.668744, ][0.179970, 1.016310, 0.535736, 1.458479, ][0.056843, 0.004855, 0.666857, 2.048144, ]]
[[0.407321, 2.018129, -1.079939, -2.420135, ][0.401547, -0.142930, -1.472585, -1.274913, ][-0.838824, -0.395675, -0.732218, -1.411393, ][0.400033, 0.765518, 0.141995, -1.825413, ]]
[[-0.943721, -2.099690, -2.430505, -1.056685, ][0.031980, -0.040091, -1.060137, -0.931711, ][0.693108, -0.031127, 0.742470, 1.026505, ][-0.343978, -0.952023, -1.045117, -0.602805, ]]
[[-2.183847, -0.928588, 1.383230, 2.950342, ][-1.629539, 1.096236, 1.976745, 2.182138, ][1.271018, 1.591659, -0.594813, 0.176256, ][0.992700, 0.254208, -1.657669, -1.596858, ]]
[[-1.304277, -2.248040, -2.653624, -1.138055, ][-1.103467, -0.452584, -0.419198, 0.545891, ][-1.641459, -1.396599, 1.214780, -0.270585, ][-0.758013, 0.394924, 0.714716, 0.128260, ]]
[[1.286835, 1.802818, 1.058504, 1.127322, ][0.135629, -1.010534, 1.315754, 0.830926, ][0.263024, -2.694105, -0.590421, 1.015547, ][-1.605674, -1.875003, -1.255435, 0.368808, ]]
[[-0.699795, -1.221045, -0.067082, -0.729357, ][0.514786, 0.648578, 0.565991, 2.489559, ][-0.856866, -1.045131, 1.432459, -0.102089, ][-0.349680, -2.483361, -1.989037, -2.681194, ]]
[[-0.554468, -1.031401, 0.924717, 0.464687, ][0.203234, 1.449520, -1.653899, -2.054657, ][-1.044152, -0.343304, -1.728181, -2.817888, ][-0.887724, 0.262687, -1.442222, -1.040887, ]]
]
[
[[0.283280, -1.522506, -1.116793, 0.077325, ][0.115542, -0.141273, 0.329815, 2.681625, ][1.728130, -1.229855, 0.997246, 2.014000, ][2.054503, -3.603445, -3.028788, -0.445190, ]]
[[1.889619, 1.506860, 1.478618, 0.005765, ][-0.318952, 1.726532, 0.111553, -0.293276, ][-0.193398, 1.402760, -1.950946, -0.083062, ][0.696642, -0.028399, 0.200540, -0.519446, ]]
[[-0.000251, -0.499146, 0.967283, 0.887545, ][-0.944911, 0.491291, 0.901799, 0.531436, ][-2.507536, -2.360824, 0.545082, -2.473799, ][-0.379211, -3.980487, -1.141322, -0.938694, ]]
[[-0.217254, 1.608883, 1.369469, 0.538545, ][-2.138777, -0.378033, -0.650764, -0.707850, ][-1.283097, -0.956643, -0.110772, -0.664812, ][-1.628048, -2.464270, -0.620434, 0.678905, ]]
[[0.134037, 0.233005, 0.246873, 0.433230, ][1.210429, -1.513725, 0.638536, 1.276232, ][-0.231203, -1.022655, -0.139818, -0.340481, ][-0.417618, 0.463729, 1.349839, -0.164427, ]]
[[0.244254, -1.056814, -2.660394, -1.243382, ][1.313741, 0.272619, -3.022072, -3.299944, ][1.033948, -1.424697, -1.374881, -0.439405, ][-3.046376, -2.543545, -1.245954, 1.024984, ]]
[[-0.172459, 0.407578, -0.437587, -0.777308, ][-1.915551, -1.146260, -3.020201, -2.769056, ][-0.258812, -1.916680, -0.484129, -1.538309, ][0.981214, -1.634580, -2.036029, -0.716079, ]]
[[-1.293838, -2.982390, -2.114486, -0.621247, ][1.387252, -1.841488, 0.788350, 0.225369, ][-0.452793, -1.187699, -0.228144, 0.565647, ][1.422698, 1.987477, 0.641367, -0.148347, ]]
[[-0.540139, -1.597851, -2.279062, 0.578757, ][0.303432, -0.898385, -3.089241, -0.223546, ][1.218861, -0.502666, -2.329774, -0.292919, ][-1.199801, -0.359653, -2.674115, -0.621633, ]]
[[-2.477676, -3.746494, -2.392904, -1.102187, ][-0.250378, 0.619864, -1.557439, -1.095863, ][-0.491994, 0.635850, -0.235394, -0.005234, ][-1.254015, -0.831347, 0.454849, 0.775024, ]]
]
[
[[-0.840300, -0.663584, 1.285441, 1.188613, ][-0.481778, 0.050713, 1.535994, 0.852680, ][0.545740, -0.415957, -0.837251, -0.760706, ][0.706404, -0.053275, -0.387884, -0.334538, ]]
[[-0.116856, -2.213933, -1.290371, -0.212683, ][-0.290570, -0.658413, -0.658924, -0.199631, ][-0.218803, -0.857747, -0.935290, -0.207540, ][-0.467790, -1.442113, -0.775298, -0.299688, ]]
[[-0.125657, 0.659355, 1.316528, 0.790382, ][-1.207811, -0.840406, -1.557451, -0.688238, ][-0.743225, 0.018460, 1.011614, 1.509860, ][-0.689160, 0.058846, 2.802075, 1.472432, ]]
[[0.903817, -0.256484, -0.726823, -0.588268, ][-0.168131, -2.591971, -1.088655, -0.004082, ][-0.798551, -1.473936, 0.933150, -0.240877, ][0.079507, -1.426888, -1.163371, -1.068009, ]]
[[-0.651442, -0.732214, -0.623633, -0.583869, ][-0.690202, -1.203098, -1.301090, -0.600003, ][0.885003, 1.299634, -0.811771, -1.067269, ][-0.292002, 1.332321, 0.232068, -0.436087, ]]
[[-0.934713, -0.440329, -1.069509, -1.173500, ][-0.015507, 1.165660, 1.264771, -0.998178, ][0.701414, 0.270650, -0.055943, 1.305723, ][0.229992, -1.632775, -0.798229, 0.117368, ]]
[[-0.413574, -0.750082, -0.569491, -0.099269, ][-0.481045, -0.190953, -1.275855, -0.486043, ][-0.193131, -0.983339, 0.010181, -0.912356, ][0.343153, 0.850680, 0.124671, -0.198600, ]]
[[-0.049826, -0.399236, -1.276773, -0.146535, ][1.773912, 0.722299, 2.196423, 0.022550, ][-0.544519, -1.011362, -0.140230, -0.589467, ][-0.761318, -0.063311, -2.083149, -1.312151, ]]
[[-0.305628, -1.646167, -1.125070, 0.149489, ][0.948752, -0.879680, -1.047729, 0.260354, ][1.523839, -1.319055, 0.608724, -0.453685, ][0.256694, -0.629531, -1.952907, -1.276295, ]]
[[-0.367166, -0.563993, 1.075728, -0.333071, ][-0.603958, 0.685875, -2.007738, -0.470647, ][-0.628433, -0.544544, -1.616985, 0.143094, ][-0.451584, -0.253960, 0.902694, 0.373762, ]]
]
]

End of file
